
*** RUNNING SINGLE RATE MODEL ***
#################################

>Done in 49 seconds 

-4957.1351454919

-----------------------------------

dN/dS = 0.1236849400155546


*** RUNNING MODEL 1 (Neutral) ***
######################################

>Done in 85 seconds 

-4938.8845608953

------------------------------------------------

dN/dS = 0.1307150687428466 (sample variance = 0.06303754801438061)

Rate[1]=  0.05819851 (weight=0.9230023)
Rate[2]=  1.00000000 (weight=0.0769977)

------------------------------------------------

 No rate classes with dN/dS>1.

------------------------------------------------

Tabulated Posteriors for Each Site
Sites in Columns, Rate Classes in Rows
Import the following part into a data processing program
for further analysis


Rate/Site	Rate=0.05819851433390703	Rate=1
1	0.01312707323487911	0.9868729267651208
2	0.008409014468550217	0.9915909855314498
3	0.9823398868363905	0.01766011316360949
4	0.7264192106500889	0.2735807893499111
5	0.9765838485806195	0.02341615141938057
6	0.7078549788019591	0.2921450211980408
7	0.9773547068077143	0.02264529319228571
8	0.7163119035854308	0.2836880964145692
9	0.9773936747339108	0.02260632526608932
10	0.9788240883459747	0.02117591165402528
11	0.7151990772103857	0.2848009227896143
12	0.768632313263693	0.2313676867363071
13	0.9762055301586334	0.02379446984136652
14	0.9761552792812603	0.02384472071873961
15	0.9765042681515161	0.02349573184848385
16	0.9842596666673556	0.01574033333264438
17	0.9838723547524901	0.01612764524750975
18	0.9792328906811568	0.02076710931884312
19	0.9791942353657482	0.0208057646342517
20	0.98097741304305	0.01902258695695002
21	0.7315334614997667	0.2684665385002334
22	0.9770810376134863	0.0229189623865137
23	0.9748994675271969	0.025100532472803
24	0.9848013958168633	0.01519860418313665
25	0.97784785954048	0.02215214045952002
26	0.9827941753189746	0.01720582468102535
27	0.9827923571515491	0.01720764284845094
28	0.6585699252189524	0.3414300747810476
29	0.9757796529486786	0.02422034705132139
30	0.978501999098124	0.02149800090187605
31	0.9786744943496384	0.02132550565036156
32	0.9770409110094118	0.02295908899058819
33	0.9842730566786203	0.01572694332137959
34	0.9757796773352317	0.02422032266476825
35	0.9791920172859546	0.02080798271404548
36	0.9865311105526278	0.01346888944737222
37	0.9785096623361375	0.02149033766386261
38	0.9764702159880041	0.02352978401199585
39	0.9827685164638164	0.01723148353618363
40	0.9770409107542571	0.02295908924574283
41	0.9757797125841181	0.0242202874158818
42	0.9770409110093945	0.02295908899060549
43	0.9757796529486786	0.02422034705132139
44	0.9848013958168633	0.01519860418313665
45	0.9771328134289052	0.02286718657109483
46	0.9792173947226196	0.0207826052773805
47	0.9842730566786203	0.01572694332137959
48	0.9791920172859546	0.02080798271404548
49	0.9731701908343532	0.02682980916564673
50	0.7230877059081965	0.2769122940918035
51	0.1237388712878368	0.8762611287121633
52	0.1178247280838551	0.8821752719161449
53	0.9834903306249007	0.01650966937509928
54	0.9814521930118483	0.01854780698815174
55	0.9756603732521301	0.02433962674786997
56	0.9750581993675064	0.02494180063249359
57	0.9763949794937518	0.02360502050624818
58	0.9795964878184886	0.02040351218151134
59	0.7762497319412144	0.2237502680587856
60	0.6780520772475301	0.3219479227524698
61	0.9827923571515491	0.01720764284845094
62	0.9770220489846233	0.02297795101537668
63	0.9770408812921585	0.0229591187078415
64	0.9764700763786954	0.02352992362130455
65	0.9785896451747286	0.02141035482527136
66	0.9731883037164636	0.02681169628353635
67	0.9791942353657482	0.0208057646342517
68	0.9697325498713459	0.03026745012865399
69	0.9765088184809675	0.0234911815190326
70	0.773091220454425	0.226908779545575
71	0.1452094014025395	0.8547905985974605
72	0.9842714014422889	0.0157285985577111
73	0.977040860932212	0.02295913906778797
74	0.977847903370469	0.02215209662953099
75	0.972322231417143	0.02767776858285703
76	0.9785202413398723	0.02147975866012778
77	0.9778090101085773	0.02219098989142262
78	0.9778090425701854	0.02219095742981467
79	0.9723142453646891	0.02768575463531084
80	0.982742783754358	0.017257216245642
81	0.9785896070593804	0.02141039294061959
82	0.8093632362834611	0.190636763716539
83	0.980971693402663	0.01902830659733693
84	0.9842730566786203	0.01572694332137959
85	0.9784861549663344	0.02151384503366562
86	0.9855757944692626	0.01442420553073736
87	0.7323133455393619	0.2676866544606381
88	0.97492948427653	0.02507051572346995
89	0.9770408812921516	0.02295911870784835
90	0.9778960283178486	0.02210397168215134
91	0.9785096623361375	0.02149033766386261
92	0.9785202413398723	0.02147975866012778
93	0.9778038767947785	0.02219612320522152
94	0.9741467922332508	0.02585320776674921
95	0.9791920172859546	0.02080798271404548
96	0.9770408812921585	0.0229591187078415
97	0.9785138238205903	0.02148617617940974
98	0.9707636897921403	0.02923631020785976
99	0.7127979159346574	0.2872020840653428
100	0.9814644540483709	0.01853554595162918
101	0.9778950787024059	0.02210492129759408
102	0.7176471824085551	0.2823528175914449
103	0.9827923571515491	0.01720764284845094
104	0.7816337684447864	0.2183662315552136
105	0.9778090425701854	0.02219095742981467
106	0.9808663805349207	0.01913361946507926
107	0.9748994873952632	0.02510051260473686
108	0.9785896070593804	0.02141039294061959
109	0.9770810080224851	0.02291899197751488
110	0.7844798378100898	0.2155201621899102
111	0.9778090425701854	0.02219095742981467
112	0.9827537550610805	0.01724624493891954
113	0.7822284097143976	0.2177715902856024
114	0.9748994673593986	0.02510053264060142
115	0.9785096623361375	0.02149033766386261
116	0.9785096623361375	0.02149033766386261
117	0.9731711903927105	0.02682880960728949
118	0.9765042778840023	0.02349572211599767
119	0.9843700253000836	0.01562997469991646
120	0.9731883008683007	0.02681169913169921
121	0.9747328418192382	0.02526715818076182
122	0.9842730645478348	0.01572693545216521
123	0.9749431327132018	0.02505686728679837
124	0.9791920172859546	0.02080798271404548
125	0.9827795393511513	0.01722046064884883
126	0.9842502961527327	0.01574970384726736
127	0.9851308068244887	0.0148691931755112
128	0.9785138238205903	0.02148617617940974
129	0.9765088184809675	0.0234911815190326
130	0.7320581093123497	0.2679418906876503
131	0.9722139768912459	0.0277860231087541
132	0.979068654749469	0.02093134525053108
133	0.9791951214244765	0.02080487857552339
134	0.7201202067662439	0.2798797932337561
135	0.9764831111324056	0.0235168888675943
136	0.9842243651112599	0.01577563488874015
137	0.1293515212071408	0.8706484787928592
138	0.9785202413398723	0.02147975866012778
139	0.9785896070593804	0.02141039294061959
140	0.01089874135473693	0.9891012586452631
141	0.9848013958168633	0.01519860418313665
142	0.7259158242139132	0.2740841757860868
143	0.9757796529418833	0.02422034705811667
144	0.9647817632543848	0.03521823674561516
145	0.9731141231848379	0.0268858768151621
146	0.977067903178846	0.02293209682115402
147	0.9770408812921585	0.0229591187078415
148	0.9842377399833312	0.01576226001666881
149	0.97784785954048	0.02215214045952002
150	0.977847903370469	0.02215209662953099
151	0.9809766036506861	0.01902339634931388
152	0.7264830570431746	0.2735169429568254
153	0.6933146734992429	0.3066853265007571
154	0.9792328925133899	0.02076710748661014
155	0.9723142453646891	0.02768575463531084
156	0.1297625036843518	0.8702374963156482
157	0.9785896453524563	0.02141035464754373
158	0.9778089756140724	0.02219102438592761
159	0.9855417580680277	0.01445824193197233
160	0.9855757944692626	0.01442420553073736
161	0.9749431327132018	0.02505686728679837
162	0.9827923571515491	0.01720764284845094
163	0.712547407571227	0.287452592428773
164	0.1257602459544089	0.8742397540455911
165	0.9785202413398723	0.02147975866012778
166	0.9778090287119767	0.02219097128802328
167	0.9791951214244765	0.02080487857552339
168	0.9764914966857625	0.02350850331423755
169	0.9765088184809675	0.0234911815190326
170	0.9826777800305505	0.0173222199694495
171	0.7840121962001909	0.2159878037998092
172	0.977829354783225	0.02217064521677501
173	0.9748994874263429	0.02510051257365707
174	0.9785896070593804	0.02141039294061959
175	0.975779657319219	0.02422034268078086
176	0.9791920172859546	0.02080798271404548
177	0.9764572840189009	0.02354271598109912
178	0.1373319068234264	0.8626680931765736
179	0.984261336511118	0.01573866348888195
180	0.9748994874263429	0.02510051257365707
181	0.9827923571515491	0.01720764284845094
182	0.9827923571515491	0.01720764284845094
183	0.9757797127685822	0.02422028723141777
184	0.9827923571515491	0.01720764284845094
185	0.9707887450196407	0.02921125498035928
186	0.9785096623361375	0.02149033766386261
187	0.9842713922720816	0.01572860772791836
188	0.9778090264036187	0.02219097359638133
189	0.9748651741466634	0.02513482585333661
190	0.9791920172859546	0.02080798271404548
191	0.9731883122872664	0.02681168771273355
192	0.9785202413398723	0.02147975866012778
193	0.9770810080224851	0.02291899197751488
194	0.9791942353657482	0.0208057646342517
195	0.9848013958168633	0.01519860418313665
196	0.9847900527563448	0.0152099472436552
197	0.7191227344584498	0.2808772655415502
198	0.9827941753189746	0.01720582468102535
199	0.9827923571515491	0.01720764284845094
200	0.97784785954048	0.02215214045952002
201	0.7258151091391929	0.2741848908608072
202	0.978444344689969	0.02155565531003092
203	0.9792214897934071	0.02077851020659296
204	0.7008534130314981	0.299146586968502
205	0.9827923571515491	0.01720764284845094
206	0.9778090133626124	0.0221909866373876
207	0.9734656679009095	0.02653433209909044
208	0.7073682960633595	0.2926317039366405
209	0.9818453076601426	0.01815469233985734
210	0.9778968379780107	0.0221031620219893
211	0.1200748152193732	0.8799251847806268
212	0.9757797130679675	0.02422028693203245
213	0.9748994874263429	0.02510051257365707
214	0.9791629490948199	0.02083705090518008
215	0.6145544514675026	0.3854455485324974
216	0.9770409110094118	0.02295908899058819
217	0.9723142453646891	0.02768575463531084
218	0.9757796529486786	0.02422034705132139
219	0.9647916015074156	0.03520839849258439
220	0.9757797130672911	0.02422028693270896
221	0.9697484166621803	0.03025158333781973
222	0.9827941753189746	0.01720582468102535
223	0.9792328925133899	0.02076710748661014
224	0.9792687020731417	0.02073129792685838
225	0.9748442881089906	0.02515571189100932
226	0.7059337823140641	0.2940662176859358
227	0.9785896070593804	0.02141039294061959
228	0.9765042778840023	0.02349572211599767
229	0.9791920172859546	0.02080798271404548
230	0.008593419239833887	0.991406580760166
231	0.975779713067165	0.02422028693283493
232	0.9749300513697253	0.0250699486302747
233	0.9778089822486832	0.02219101775131686
234	0.9792059031499268	0.02079409685007313
235	0.977040860932212	0.02295913906778797
236	0.9827427120448932	0.01725728795510691
237	0.9770810080224851	0.02291899197751488
238	0.9792072963333527	0.02079270366664736
239	0.9778478449370738	0.02215215506292619
240	0.9723142453646891	0.02768575463531084
241	0.974950862484845	0.02504913751515502
242	0.9865311105526278	0.01346888944737222
243	0.9842730566786203	0.01572694332137959
244	0.9855757944692626	0.01442420553073736
245	0.9855215714745966	0.01447842852540332
246	0.9785202413398723	0.02147975866012778
247	0.9757796529486786	0.02422034705132139
248	0.9785594556478824	0.0214405443521177
249	0.9697484166621803	0.03025158333781973
250	0.7075986433986685	0.2924013566013314
251	0.1335390905783735	0.8664609094216266
252	0.7843871630628666	0.2156128369371335
253	0.9842713922720816	0.01572860772791836
254	0.9778478917100362	0.02215210828996384
255	0.9791447522238909	0.02085524777610912
256	0.9848013958168633	0.01519860418313665
257	0.9855757944692626	0.01442420553073736
258	0.9785138238205903	0.02148617617940974
259	0.9842244258708155	0.01577557412918447
260	0.9827923571515491	0.01720764284845094
261	0.972337844951384	0.02766215504861603
262	0.9827795355439852	0.0172204644560148
263	0.9855757944692626	0.01442420553073736
264	0.9791942353657482	0.0208057646342517
265	0.977847903370469	0.02215209662953099
266	0.9785896070593804	0.02141039294061959
267	0.9785096623361375	0.02149033766386261
268	0.9748994873475426	0.02510051265245742
269	0.97784785954048	0.02215214045952002
270	0.9748994874263429	0.02510051257365707
271	0.9764914306240774	0.02350856937592256
272	0.9791942353657482	0.0208057646342517
273	0.9770409110100803	0.02295908898991969
274	0.9765088184809675	0.0234911815190326
275	0.9765042778840023	0.02349572211599767
276	0.9770810080224851	0.02291899197751488
277	0.9842377789939462	0.01576222100605383
278	0.9647817632543848	0.03521823674561516
279	0.9757796529486786	0.02422034705132139
280	0.9791942353657482	0.0208057646342517
281	0.9865311105526278	0.01346888944737222
282	0.9765042778840023	0.02349572211599767
283	0.9842714014422889	0.0157285985577111
284	0.1071056798566636	0.8928943201433364
285	0.1260178881992788	0.8739821118007212
286	0.9785096623361375	0.02149033766386261
287	0.9748994873514053	0.02510051264859467
288	0.977081040224923	0.02291895977507689
289	0.7898343903924614	0.2101656096075386
290	0.98097741304305	0.01902258695695002
291	0.9827941753189746	0.01720582468102535
292	0.9757797130674885	0.02422028693251156
293	0.9765042778840023	0.02349572211599767
294	0.9809594417979972	0.01904055820200279
295	0.9792288673409172	0.0207711326590828
296	0.9757797130679675	0.02422028693203245
297	0.9785896071157134	0.02141039288428654
298	0.008261797213257118	0.9917382027867429
299	0.9723142453646891	0.02768575463531084
300	0.9778478772277732	0.02215212277222673
301	0.9791920172859546	0.02080798271404548
302	0.9827923571515491	0.01720764284845094
303	0.9778089735006159	0.02219102649938405
304	0.7844617622472484	0.2155382377527515
305	0.8093726159960558	0.1906273840039441
306	0.9785896070593804	0.02141039294061959
307	0.9855757944692626	0.01442420553073736
308	0.984803005009356	0.01519699499064391
309	0.9827941753189746	0.01720582468102535
310	0.9791920172859546	0.02080798271404548
311	0.9847900653544792	0.01520993464552086
312	0.9785896453515326	0.02141035464846747
313	0.9778090425701854	0.02219095742981467
314	0.9757797130679675	0.02422028693203245
315	0.9791942353657482	0.0208057646342517
316	0.9770810080224851	0.02291899197751488
317	0.9785096623361375	0.02149033766386261
318	0.9809601810006722	0.01903981899932782
319	0.9785896453525175	0.02141035464748251
320	0.9764632129747023	0.0235367870252977
321	0.9748994874263429	0.02510051257365707
322	0.9770408812921585	0.0229591187078415
323	0.9762456389676187	0.02375436103238134
324	0.9647817632543848	0.03521823674561516
325	0.9827941753189746	0.01720582468102535
326	0.976431460000026	0.02356853999997398
327	0.9748232076735521	0.02517679232644786
328	0.7122920563619011	0.2877079436380989
329	0.9778090383094364	0.02219096169056355
330	0.9778478772658427	0.02215212273415733
331	0.9757797130672911	0.02422028693270896
332	0.9770810060307464	0.02291899396925354
333	0.9778090425701854	0.02219095742981467
334	0.9749431327132018	0.02505686728679837
335	0.9827923571515491	0.01720764284845094
336	0.7843488870302356	0.2156511129697643
337	0.9785896453521328	0.02141035464786728
338	0.9731883006597198	0.02681169934028017
339	0.9749431327132018	0.02505686728679837
340	0.7259474448154994	0.2740525551845006
341	0.7308515858057693	0.2691484141942307
342	0.9749431327132018	0.02505686728679837
343	0.6935437870169342	0.3064562129830657
344	0.9765042778840023	0.02349572211599767
345	0.9749431327132018	0.02505686728679837
346	0.977081040224923	0.02291895977507689
347	0.9731883008683007	0.02681169913169921
348	0.9855742627844638	0.01442573721553613
349	0.9770810080224851	0.02291899197751488
350	0.9778478771053978	0.0221521228946022
351	0.9791920172859546	0.02080798271404548
352	0.97784785954048	0.02215214045952002
353	0.977067903178846	0.02293209682115402
354	0.9855309748321526	0.01446902516784742
355	0.9791920172859546	0.02080798271404548
356	0.9785138238205903	0.02148617617940974
357	0.9723379559414843	0.02766204405851569
358	0.9723142453646891	0.02768575463531084
359	0.9785202413398723	0.02147975866012778
360	0.9790142876870593	0.02098571231294066
361	0.9723142453646891	0.02768575463531084
362	0.9865311105526278	0.01346888944737222
363	0.712101981490056	0.287898018509944
364	0.9842713922720816	0.01572860772791836
365	0.9770810376134863	0.0229189623865137
366	0.9785202413398723	0.02147975866012778
367	0.9748994873514053	0.02510051264859467
368	0.9770744474524135	0.02292555254758652
369	0.9748994873953132	0.02510051260468688
370	0.9847904714887387	0.0152095285112614
371	0.9848013958168633	0.01519860418313665
372	0.9842730645478348	0.01572693545216521
373	0.9827923571515491	0.01720764284845094
374	0.9784666932549879	0.02153330674501209
375	0.9791986675080605	0.02080133249193953
376	0.9770613595554023	0.02293864044459784
377	0.7842351634138776	0.2157648365861224
378	0.9770810080224851	0.02291899197751488
379	0.9748994873641872	0.02510051263581286
380	0.7196769457441029	0.2803230542558972
381	0.97784785954048	0.02215214045952002
382	0.9842730566786203	0.01572694332137959
383	0.9765042778840023	0.02349572211599767
384	0.9785096623361375	0.02149033766386261
385	0.9777467163277782	0.02225328367222189
386	0.9757797130679373	0.02422028693206268
387	0.9792288673409172	0.0207711326590828
388	0.9764702229289021	0.02352977707109789
389	0.97784785954048	0.02215214045952002
390	0.9791920172859546	0.02080798271404548
391	0.9842713922720816	0.01572860772791836
392	0.9723142453646891	0.02768575463531084
393	0.9770409110094118	0.02295908899058819
394	0.9757797130679675	0.02422028693203245
395	0.9827923571515491	0.01720764284845094
396	0.9764958568637211	0.02350414313627901
397	0.9770409110100803	0.02295908898991969
398	0.9827941753189746	0.01720582468102535
399	0.965097312514115	0.03490268748588505
400	0.9791951214244765	0.02080487857552339
401	0.9791942353657482	0.0208057646342517
402	0.9842730566786203	0.01572694332137959
403	0.9765042778840023	0.02349572211599767
404	0.9865311105526278	0.01346888944737222
405	0.9827813533393019	0.01721864666069808
406	0.7008467682286992	0.2991532317713008
407	0.9792288673409172	0.0207711326590828
408	0.9855526717091719	0.01444732829082807
409	0.9785138238205903	0.02148617617940974
410	0.97784785954048	0.02215214045952002
411	0.9770409110094118	0.02295908899058819
412	0.9723142453646891	0.02768575463531084
413	0.9792687020731417	0.02073129792685838
414	0.9785138238205903	0.02148617617940974
415	0.9855742627844638	0.01442573721553613
416	0.9827409126806829	0.01725908731931707
417	0.9827813510991843	0.01721864890081577
418	0.9697404924152796	0.03025950758472034
419	0.9784743338381645	0.02152566616183551
420	0.9792687020731417	0.02073129792685838
421	0.9791993660197256	0.02080063398027456
422	0.9791920172859546	0.02080798271404548
423	0.9785138238205903	0.02148617617940974
424	0.9827923571515491	0.01720764284845094
425	0.9748149895736564	0.02518501042634354
426	0.9827941753189746	0.01720582468102535
427	0.9765088184809675	0.0234911815190326
428	0.9765042778840023	0.02349572211599767
429	0.9865311105526278	0.01346888944737222
430	0.9785096623361375	0.02149033766386261
431	0.9842730566786203	0.01572694332137959
432	0.9723142453646891	0.02768575463531084
433	0.9855757944692626	0.01442420553073736
434	0.9731882892503061	0.02681171074969392
435	0.9842713922720816	0.01572860772791836
436	0.9770409110100803	0.02295908898991969
437	0.9785202413398723	0.02147975866012778
438	0.9757797130679675	0.02422028693203245
439	0.9748994873514053	0.02510051264859467
440	0.9827923571515491	0.01720764284845094
441	0.9778479033698244	0.02215209663017559
442	0.9785096623361375	0.02149033766386261
443	0.9778090383094364	0.02219096169056355
444	0.9731882892503061	0.02681171074969392
445	0.9770409110092638	0.02295908899073615
446	0.9778090425701854	0.02219095742981467
447	0.9865311105526278	0.01346888944737222
448	0.9785096623361375	0.02149033766386261
449	0.9827941753189746	0.01720582468102535
450	0.9785138238205903	0.02148617617940974
451	0.9792687020731417	0.02073129792685838
452	0.9757797130666831	0.02422028693331692
453	0.9731882892503061	0.02681171074969392
454	0.9842713922720816	0.01572860772791836
455	0.9855757944692626	0.01442420553073736
456	0.9848013958168633	0.01519860418313665
457	0.9842713922720816	0.01572860772791836
458	0.9647817632543848	0.03521823674561516
459	0.9827923571515491	0.01720764284845094
460	0.9770409110100803	0.02295908898991969
461	0.7075492870024425	0.2924507129975576
462	0.9827684902006517	0.01723150979934827
463	0.9778090383094364	0.02219096169056355
464	0.9748994874224737	0.02510051257752633
465	0.9842377299262136	0.0157622700737864
466	0.9765042778840023	0.02349572211599767
467	0.9770409110100803	0.02295908898991969
468	0.9749431327132018	0.02505686728679837
469	0.972527944817151	0.02747205518284908
470	0.9792215022214342	0.02077849777856585
471	0.7193526243165905	0.2806473756834095
472	0.9792687020731417	0.02073129792685838
473	0.9842597014618777	0.0157402985381223
474	0.9827923571515491	0.01720764284845094
475	0.97784785954048	0.02215214045952002
476	0.9764959592780154	0.02350404072198472
477	0.9785138238205903	0.02148617617940974
478	0.9725799490965591	0.02742005090344094
479	0.9770810376134863	0.0229189623865137
480	0.9817020859954254	0.01829791400457463
481	0.977081040224923	0.02291895977507689
482	0.9809766036506861	0.01902339634931388
483	0.9855542019798127	0.01444579802018726
484	0.9785096623361375	0.02149033766386261
485	0.985543491427938	0.01445650857206203
486	0.9748994674922624	0.02510053250773746
487	0.984803005009356	0.01519699499064391
488	0.7073683750141403	0.2926316249858597
489	0.9809544750401265	0.01904552495987342
490	0.01212585327644305	0.9878741467235569
491	0.7763200033431256	0.2236799966568744
492	0.9785096623361375	0.02149033766386261
493	0.9809766036506861	0.01902339634931388
494	0.9865311105526278	0.01346888944737222
495	0.9785096623361375	0.02149033766386261
496	0.9841765815994492	0.01582341840055074
497	0.9770408812921585	0.0229591187078415
498	0.1163107522805805	0.8836892477194195
499	0.9827923571515491	0.01720764284845094
500	0.9770810080224851	0.02291899197751488
501	0.9757796773352317	0.02422032266476825
502	0.9748994873514053	0.02510051264859467
503	0.9842730566786203	0.01572694332137959
504	0.9748994874263429	0.02510051257365707
505	0.9785896453521328	0.02141035464786728
506	0.7327649050523254	0.2672350949476746
507	0.9748994873514053	0.02510051264859467
508	0.9647817632543848	0.03521823674561516
509	0.008709852073593186	0.9912901479264068
510	0.9785096623361375	0.02149033766386261
511	0.97784785954048	0.02215214045952002
512	0.9749651465653809	0.02503485343461915
513	0.9697484166621803	0.03025158333781973
514	0.9765042778840023	0.02349572211599767
515	0.9749431327132018	0.02505686728679837
516	0.978486122635823	0.02151387736417697
517	0.9785096623361375	0.02149033766386261
518	0.9791920172859546	0.02080798271404548
519	0.7844078467261537	0.2155921532738463
520	0.671543692120224	0.328456307879776
521	0.9770408812921585	0.0229591187078415
522	0.9765042778840023	0.02349572211599767
523	0.9697404866587735	0.03025951334122645
524	0.9785096623361375	0.02149033766386261
525	0.9647817632543848	0.03521823674561516
526	0.9791920172859546	0.02080798271404548
527	0.9723142453646891	0.02768575463531084
528	0.120083476935559	0.879916523064441
529	0.9748994874263429	0.02510051257365707
530	0.9792328925133899	0.02076710748661014
531	0.9791920172859546	0.02080798271404548
532	0.6801861829275231	0.3198138170724769
533	0.9647817632543848	0.03521823674561516
534	0.9791942353657482	0.0208057646342517
535	0.9748994873514053	0.02510051264859467
536	0.9647817632543848	0.03521823674561516
537	0.9757796529486786	0.02422034705132139
538	0.9778478807401159	0.02215211925988414
539	0.7193441307090889	0.2806558692909111
540	0.9842714014422889	0.0157285985577111
541	0.9778089822486832	0.02219101775131686
542	0.9731882892503061	0.02681171074969392
543	0.9777158687922848	0.02228413120771528
544	0.9730412131805708	0.02695878681942923
545	0.97784785954048	0.02215214045952002
546	0.9790326081025301	0.02096739189746991
547	0.9862973767727229	0.01370262322727709
548	0.9862973767727229	0.01370262322727709
549	0.9775741663721338	0.02242583362786623
550	0.9768056477098592	0.02319435229014079
551	0.9729083153410863	0.02709168465891365
552	0.9775351457010448	0.0224648542989552
553	0.9694531187455399	0.03054688125446005
554	0.9782481654300897	0.02175183456991027
555	0.9862973767727229	0.01370262322727709
556	0.980690010256868	0.01930998974313215
557	0.9775351545290674	0.0224648454709327
558	0.9825360603130447	0.01746393968695516
559	0.9768056112033572	0.02319438879664274
560	0.9705382529621815	0.02946174703781847
561	0.96946909298605	0.03053090701394995
562	0.9789281463583484	0.02107185364165164
563	0.747297310391755	0.252702689608245
564	0.9746644560609188	0.02533554393908122
565	0.9788990842630416	0.02110091573695844
566	0.9805389096738499	0.01946109032615011
567	0.9787457978025679	0.0212542021974321

*** RUNNING MODEL 2 (Selection) ***
######################################

>Done in 199 seconds 

-4938.88465158322

------------------------------------------------

dN/dS = 0.1310045404513692 (sample variance = 0.06332006563852881)

Rate[1]=  0.05813872 (weight=0.9226364)
Rate[2]=  1.00000000 (weight=0.0387009)
Rate[3]=  1.00000000 (weight=0.0386627)

------------------------------------------------

 No rate classes with dN/dS>1.

------------------------------------------------

Tabulated Posteriors for Each Site
Sites in Columns, Rate Classes in Rows
Import the following part into a data processing program
for further analysis


Rate/Site	Rate=0.05813872171461976	Rate=1	Rate=1
1	0.01299736567542347	0.4937453614017147	0.4932572729228617
2	0.008329481857804025	0.4960804574818674	0.4955900606603285
3	0.9822220310340225	0.008893380226995882	0.008884588738981632
4	0.7249086665492376	0.1376136852421613	0.1374776482086011
5	0.9764355373988799	0.01178805780107076	0.0117764048000493
6	0.7063030586887901	0.1469210895566814	0.1467758517545286
7	0.9772103456739224	0.01140046208605052	0.01138919224002705
8	0.7147781700063993	0.1426814383593	0.1425403916343007
9	0.9772495142908411	0.0113808680928396	0.01136961761631929
10	0.9786874020756432	0.01066156867126505	0.01065102925309174
11	0.7136628973839666	0.143239350430529	0.1430977521855044
12	0.7672368772539713	0.1164391139035565	0.1163240088424723
13	0.9760552378346812	0.01197830161525751	0.0119664605500614
14	0.976004772939165	0.01200354654086179	0.01199168051997333
15	0.9763555799569416	0.01182805629215243	0.011816363750906
16	0.984152466646113	0.007927685105415309	0.007919848248471594
17	0.9837629667939369	0.008122531338435039	0.00811450186762815
18	0.9790983276366942	0.0104560042861313	0.0104456680771745
19	0.9790594714998767	0.01047544196202843	0.01046508653809484
20	0.980852133530653	0.009578667696717101	0.009569198772629886
21	0.7300351548608336	0.1350491735214173	0.1349156716177492
22	0.9769352702077219	0.01153806783374429	0.01152666195853386
23	0.9747426391619054	0.01263492550209095	0.01262243533600366
24	0.9846972490083877	0.007655159222512602	0.0076475917690996
25	0.9777060444779797	0.01115249011855604	0.01114146540346416
26	0.9826788119540295	0.008664876824282504	0.008656311221688069
27	0.9826769868339778	0.008665789835583682	0.008657223330438396
28	0.6569380964803515	0.1716157765398289	0.1714461269798195
29	0.9756272541378739	0.0121923992860289	0.01218034657609723
30	0.9783636063673783	0.01082354658645767	0.0108128470461639
31	0.9785370244360254	0.01073679467313949	0.01072618089083501
32	0.9768949376598213	0.01155824408023736	0.01154681825994141
33	0.9841659247435198	0.007920952729090543	0.007913122527389746
34	0.9756272785840214	0.01219238705691068	0.01218033435906801
35	0.9790572455326904	0.01047655549600962	0.0104661989712999
36	0.9864369098131492	0.006784898675182727	0.006778191511668036
37	0.9783713142041019	0.01081969076227205	0.01080899503362596
38	0.976321337460778	0.01184518600696331	0.01183347653225866
39	0.9826530131222408	0.008677782619142843	0.008669204258616336
40	0.9768949374038853	0.01155824420826858	0.01154681838784607
41	0.975627313919971	0.01219236938019872	0.01218031669983024
42	0.976894937659804	0.01155824408024601	0.01154681825995005
43	0.9756272541378739	0.0121923992860289	0.01218034657609723
44	0.9846972490083877	0.007655159222512602	0.0076475917690996
45	0.9769872705960111	0.01151205478209071	0.0115006746218982
46	0.9790827575870041	0.01046379316079481	0.01045344925220115
47	0.9841659247435198	0.007920952729090543	0.007913122527389746
48	0.9790572455326904	0.01047655549600962	0.0104661989712999
49	0.9730047583483955	0.01350429561367807	0.01349094603792642
50	0.7215690714127713	0.1392843085518127	0.1391466200354161
51	0.1228180109843719	0.4388078847205686	0.4383741042950596
52	0.1169476231282718	0.4417445301486346	0.4413078467230936
53	0.9833787501926244	0.008314734639697112	0.00830651516767851
54	0.9813294263172065	0.0093399032890085	0.009330670393784888
55	0.9755072910829825	0.01225241047529256	0.01224029844172491
56	0.9749020995870579	0.01255515586165826	0.01254274455128386
57	0.976245623068064	0.01188306192430524	0.01187131500763085
58	0.9794637673406791	0.01027319407626998	0.01026303858305094
59	0.7748787811088274	0.1126162724547136	0.1125049464364591
60	0.6764470568803533	0.1618564725944425	0.1616964705252041
61	0.9826769868339778	0.008665789835583682	0.008657223330438396
62	0.9768759788556994	0.01156772817001319	0.01155629297428749
63	0.976894907867485	0.01155825898377189	0.01154683314874316
64	0.976321203401899	0.01184525306954996	0.01183354352855107
65	0.9784516872128299	0.01077948438504333	0.01076882840212659
66	0.9730229553832562	0.01349519259688634	0.01348185201985744
67	0.9790594714998767	0.01047544196202843	0.01046508653809484
68	0.9695504983261458	0.0152322797180248	0.01521722195582947
69	0.9763601395939505	0.01182577534624154	0.01181408505980803
70	0.7717102083754773	0.1142013422761596	0.1140884493483632
71	0.1441304439854047	0.4281463985517441	0.4277231574628512
72	0.9841642629781433	0.007921784022663381	0.007913952999193213
73	0.9768948874564544	0.01155826919433407	0.01154684334921176
74	0.9777060884204726	0.01115246813644448	0.01114144344308286
75	0.9721526409199072	0.01393056502072329	0.0139167940593694
76	0.9783819305095721	0.01081437998457113	0.01080368950585672
77	0.977666993905247	0.01117202506048673	0.01116098103426641
78	0.9776670265081671	0.01117200875096524	0.01116096474086759
79	0.9721446162040192	0.01393457936284213	0.01392080443313878
80	0.9826271373060221	0.00869072692525328	0.008682135768724676
81	0.9784516489979366	0.01077950350193905	0.01076884750012444
82	0.8081119787998836	0.09599145643714131	0.09589656476297495
83	0.9808463832181433	0.009581544274782366	0.009572072507074283
84	0.9841659247435198	0.007920952729090543	0.007913122527389746
85	0.9783476874335224	0.01083150998946845	0.01082080257700906
86	0.9854760606439389	0.007265560837375403	0.007258378518685745
87	0.7308168198846107	0.1346581477366442	0.1345250323787452
88	0.9747728099522206	0.01261983264696586	0.01260735740081358
89	0.9768949078674781	0.01155825898377533	0.01154683314874659
90	0.9777544252734848	0.01112828775826759	0.01111728696824751
91	0.9783713142041019	0.01081969076227205	0.01080899503362596
92	0.9783819305095721	0.01081437998457113	0.01080368950585672
93	0.9776618393786447	0.01117460359828546	0.01116355702306988
94	0.9739861554308349	0.01301335441423624	0.013000490154929
95	0.9790572455326904	0.01047655549600962	0.0104661989712999
96	0.976894907867485	0.01155825898377189	0.01154683314874316
97	0.9783754904063386	0.01081760162855458	0.01080690796510683
98	0.9705865775555277	0.01471398392451657	0.01469943851995582
99	0.7112560965141076	0.1444433459660867	0.1443005575198056
100	0.9813417540133682	0.009333736392806899	0.009324509593824836
101	0.9777534716652356	0.0111287647981794	0.01111776353658489
102	0.7161161198233668	0.142012132632099	0.1418717475445342
103	0.9826769868339778	0.008665789835583682	0.008657223330438396
104	0.7802813621831778	0.1099136460864642	0.109804991730358
105	0.9776670265081671	0.01117200875096524	0.01116096474086759
106	0.9807405295137968	0.009634497300124709	0.009624973186078594
107	0.9747426590726179	0.01263491554181163	0.0126224253855705
108	0.9784516489979366	0.01077950350193905	0.01076884750012444
109	0.9769352405421938	0.01153808267384334	0.01152667678396284
110	0.7831369207001767	0.1084851607684446	0.1083779185313788
111	0.9776670265081671	0.01117200875096524	0.01116096474086759
112	0.9826381736223251	0.008685206038284932	0.008676620339390028
113	0.7808773941128244	0.109615482748013	0.1095071231391626
114	0.9747426389938093	0.01263492558618059	0.01262243542001018
115	0.9783713142041019	0.01081969076227205	0.01080899503362596
116	0.9783713142041019	0.01081969076227205	0.01080899503362596
117	0.9730057600019183	0.0135037945392499	0.01349044545883182
118	0.9763555834823398	0.01182805452858162	0.01181636198907855
119	0.9842634229186807	0.007872179534311925	0.007864397547007273
120	0.973022952524244	0.01349519402709937	0.01348185344865665
121	0.9745751820940914	0.01271869544108783	0.01270612246482085
122	0.9841659326363765	0.007920948780710497	0.007913118582912845
123	0.9747865234292362	0.01261297251769196	0.01260050405307186
124	0.9790572455326904	0.01047655549600962	0.0104661989712999
125	0.9826641009244714	0.00867223597648043	0.00866366309904823
126	0.9841430646060292	0.00793238845018631	0.007924546943784446
127	0.9850285079342463	0.007489447853183336	0.007482044212570429
128	0.9783754904063386	0.01081760162855458	0.01080690796510683
129	0.9763601395939505	0.01182577534624154	0.01181408505980803
130	0.7305609908599039	0.1347861255047556	0.1346528836353407
131	0.9720438387258582	0.01398499301995437	0.01397116825418745
132	0.9789332560308028	0.0105385809043425	0.01052816306485482
133	0.9790603607272671	0.01047499712846466	0.01046464214426814
134	0.718594431411236	0.1407723640559432	0.1406332045328207
135	0.9763343053657829	0.01183869884804334	0.01182699578617369
136	0.9841169613517087	0.007945446531583524	0.00793759211670781
137	0.1283887638067099	0.4360211308965252	0.4355901052967649
138	0.9783819305095721	0.01081437998457113	0.01080368950585672
139	0.9784516489979366	0.01077950350193905	0.01076884750012444
140	0.01079299997228762	0.4948480893002083	0.4943589107275041
141	0.9846972490083877	0.007655159222512602	0.0076475917690996
142	0.7244039986390786	0.1378661439803894	0.1377298573805321
143	0.9756272541310879	0.01219239928942353	0.0121803465794885
144	0.9645767043890409	0.01772040649662663	0.01770288911433257
145	0.9729484241157103	0.0135324766591071	0.01351909922518265
146	0.9769220690816692	0.01154467166085377	0.01153325925747685
147	0.976894907867485	0.01155825898377189	0.01154683314874316
148	0.9841304165343936	0.007938715613340235	0.007930867852266063
149	0.9777060444779797	0.01115249011855604	0.01114146540346416
150	0.9777060884204726	0.01115246813644448	0.01114144344308286
151	0.9808513211462516	0.009579074089786284	0.009569604763962077
152	0.7249722286702265	0.1375818884654277	0.1374458828643458
153	0.6917352387560356	0.1542086015322245	0.1540561597117399
154	0.9790983283004575	0.01045600395408557	0.01044566774545702
155	0.9721446162040192	0.01393457936284213	0.01392080443313878
156	0.1287967448874524	0.4358170394795918	0.4353862156329558
157	0.9784516873908728	0.01077948429597792	0.01076882831314922
158	0.9776669593677898	0.01117204233775488	0.01116099829445525
159	0.9854418279864309	0.007282685630425828	0.007275486383143326
160	0.9854760606439389	0.007265560837375403	0.007258378518685745
161	0.9747865234292362	0.01261297251769196	0.01260050405307186
162	0.9826769868339778	0.008665789835583682	0.008657223330438396
163	0.7110054395841034	0.1445687364080053	0.1444258240078913
164	0.1248242030844361	0.4378042926236079	0.4373715042919559
165	0.9783819305095721	0.01081437998457113	0.01080368950585672
166	0.9776670126005853	0.01117201570819491	0.01116097169121973
167	0.9790603607272671	0.01047499712846466	0.01046464214426814
168	0.976342734882207	0.01183448200556646	0.01182278311222656
169	0.9763601395939505	0.01182577534624154	0.01181408505980803
170	0.9825617830556221	0.008723420209810623	0.008714796734567203
171	0.7826676794358784	0.1087198974242227	0.1086124231398989
172	0.9776874464428259	0.01116179373464486	0.01115075982252921
173	0.974742659103793	0.01263491552621637	0.01262242536999067
174	0.9784516489979366	0.01077950350193905	0.01076884750012444
175	0.9756272585187118	0.0121923970945268	0.01218034438676151
176	0.9790572455326904	0.01047655549600962	0.0104661989712999
177	0.9763083419693637	0.01185168696590892	0.01183997106472737
178	0.1363104903800184	0.4320583089000668	0.4316312007199148
179	0.9841583493738625	0.007924742286989457	0.007916908339148048
180	0.974742659103793	0.01263491552621637	0.01262242536999067
181	0.9826769868339778	0.008665789835583682	0.008657223330438396
182	0.9826769868339778	0.008665789835583682	0.008657223330438396
183	0.9756273141045523	0.01219236928786253	0.01218031660758533
184	0.9826769868339778	0.008665789835583682	0.008657223330438396
185	0.9706117255083878	0.01470140373005538	0.01468687076155673
186	0.9783713142041019	0.01081969076227205	0.01080899503362596
187	0.9841642537803461	0.007921788623836206	0.00791395759581758
188	0.9776670102781329	0.01117201686999545	0.01116097285187179
189	0.9747081613914733	0.01265217291220958	0.01263966569631721
190	0.9790572455326904	0.01047655549600962	0.0104661989712999
191	0.9730229639838135	0.01349518829448115	0.01348184772170536
192	0.9783819305095721	0.01081437998457113	0.01080368950585672
193	0.9769352405421938	0.01153808267384334	0.01152667678396284
194	0.9790594714998767	0.01047544196202843	0.01046508653809484
195	0.9846972490083877	0.007655159222512602	0.0076475917690996
196	0.9846858416775329	0.007660865708493178	0.00765329261397389
197	0.7175951065195487	0.1412722735928023	0.141132619887649
198	0.9826788119540295	0.008664876824282504	0.008656311221688069
199	0.9826769868339778	0.008665789835583682	0.008657223330438396
200	0.9777060444779797	0.01115249011855604	0.01114146540346416
201	0.7243030242285281	0.1379166561523894	0.1377803196190825
202	0.9783056543099256	0.01085253694429056	0.01084180874578395
203	0.9790868668488553	0.01046173751382155	0.01045139563732314
204	0.6992879237551144	0.1504303915713408	0.1502816846735447
205	0.9826769868339778	0.008665789835583682	0.008657223330438396
206	0.9776669971727608	0.01117202342592178	0.0111609794013173
207	0.9733016290656741	0.0133557868513964	0.01334258408292952
208	0.7058158436312549	0.147164817553241	0.147019338815504
209	0.9817247116412794	0.009142162889536709	0.009133125469184015
210	0.9777552381486905	0.011127881119675	0.01111688073163462
211	0.1191812481542348	0.4406271653541275	0.4401915864916377
212	0.975627314404406	0.01219236913786147	0.01218031645773256
213	0.974742659103793	0.01263491552621637	0.01262242536999067
214	0.9790280224376763	0.01049117426915904	0.01048080329316469
215	0.6128840323979994	0.1936537012981962	0.1934622663038044
216	0.9768949376598213	0.01155824408023736	0.01154681825994141
217	0.9721446162040192	0.01393457936284213	0.01392080443313878
218	0.9756272541378739	0.0121923992860289	0.01218034657609723
219	0.9645865860862778	0.01771546320468004	0.0176979507090422
220	0.9756273144037297	0.01219236913819979	0.01218031645807054
221	0.9695664375872584	0.01522430614635958	0.01520925626638203
222	0.9826788119540295	0.008664876824282504	0.008656311221688069
223	0.9790983283004575	0.01045600395408557	0.01044566774545702
224	0.9791343275265411	0.01043799543994924	0.01042767703350974
225	0.9746871812272242	0.01266266818184627	0.01265015059092946
226	0.7043779222697654	0.1478841337714614	0.1477379439587732
227	0.9784516489979366	0.01077950350193905	0.01076884750012444
228	0.9763555834823398	0.01182805452858162	0.01181636198907855
229	0.9790572455326904	0.01047655549600962	0.0104661989712999
230	0.008511961855602632	0.4959891723633396	0.4954988657810577
231	0.9756273144036035	0.01219236913826287	0.01218031645813356
